{
    "test_accuracy": 0.7260596546310832,
    "test_f1_score": 0.5632040050062578,
    "test_precision": 0.5976095617529881,
    "test_recall": 0.5325443786982249
}