{
    "test_accuracy": 0.695054945054945,
    "test_f1_score": 0.26904985888993416,
    "test_precision": 0.6559633027522935,
    "test_recall": 0.16923076923076924
}