{
    "train_accuracy": 0.7015796703296703,
    "train_f1_score": 0.27815355405245046,
    "train_precision": 0.7081570996978852,
    "train_recall": 0.17306556408741877
}